57 63 1
30 16 2
52 84 1
54 75 1
54 94 1
50 54 0
13 69 2
46 91 1
47 59 0
19 35 2
41 98 1
51 13 0
60 39 0
73 98 1
73 43 0
79 38 1
14 21 2
19 93 1
51 22 0
87 40 1
71 91 1
51 55 0
40 65 0
15 63 2
67 73 1
56 12 0
28 58 2
48 12 0
25 85 0
78 40 0
33 87 1
85 32 1
11 62 2
75 95 1
67 14 0
59 14 0
69 11 0
66 72 1
18 64 2
89 20 0
11 82 0
36 66 0
26 16 2
94 16 0
16 22 2
52 81 1
67 18 0
69 31 0
88 32 0
15 19 2
74 88 1
48 73 1
63 76 1
29 69 2
59 56 0
73 39 0
87 70 1
50 20 0
17 23 2
15 11 2
57 97 1
72 98 1
72 21 0
41 52 0
86 69 1
57 36 0
86 78 1
16 60 2
28 48 2
80 34 0
83 78 1
71 91 1
36 76 0
23 47 2
77 95 1
81 33 0
34 58 0
20 96 1
39 34 0
85 32 0
74 94 1
61 16 0
62 37 0
36 63 0
73 28 0
72 67 1
40 82 1
50 55 0
52 59 0
35 62 0
71 31 0
82 64 1
92 20 0
67 56 1
23 87 1
62 93 1
21 55 2
21 35 2
27 69 2
23 73 0
36 26 2
94 16 0
26 32 2
52 81 1
67 18 0
69 31 0
88 32 0
25 29 2
74 88 1
48 73 1
63 76 1
39 79 2
59 56 0
73 39 0
87 70 1
50 20 0
27 33 2
25 21 2
57 97 1
72 98 1
72 21 0
41 52 0
86 69 1
57 36 0
86 78 1
26 70 2
38 58 2
80 34 0
83 78 1
71 91 1
36 76 0
33 57 2
77 95 1
81 33 0
34 58 0
20 96 1
39 34 0
85 32 0
74 94 1
61 16 0
62 37 0
36 63 0
73 28 0
72 67 1
40 82 1
50 55 0
52 59 0
35 62 0
71 31 0
82 64 1
92 20 0
67 56 1
23 87 1
62 93 1
31 65 2
31 45 2
37 79 2
23 73 0
11 82 0
36 66 0
26 16 2
94 16 0
16 22 2
52 81 1
67 18 0
69 31 0
88 32 0
15 19 2
74 88 1
48 73 1
63 76 1
29 69 2
49 46 0
63 29 0
87 70 1
40 10 0
17 23 2
15 11 2
57 97 1
72 98 1
62 11 0
31 42 0
86 69 1
47 26 0
86 78 1
16 60 2
28 48 2
70 24 0
83 78 1
71 91 1
26 66 0
23 47 2
77 95 1
71 23 0
24 48 0
20 96 1
29 24 0
75 22 0
74 94 1
61 16 0
52 27 0
26 53 0
63 28 0
72 67 1
40 82 1
40 45 0
42 49 0
25 52 0
61 21 0
82 64 1
92 20 0
67 56 1
23 87 1
62 93 1
21 55 2
21 35 2
27 69 2
13 63 0
36 26 2